2
2
2
1
1
1
1
1
1
1
7
15
0
0
0
14
15
0
0
0
1
1
1
1
1
1
1
1
1
1
1
11
0
0
0
13
12
0
0
0
2
1
1
1
1
1
1
1
1
1
1
11
0
0
0
0
0
0
0
0
1
1
1
1
1
1
1
1
1
1
1
7
10
10
10
10
10
10
10
10
1
1
1
1
1
1
1
1
1
1
1
1
1
1
1
1
1
1
2
3
1
1
1
1
1
1
1
1
1
1
1
1
1
1
1
1
2
2
3
3
1
1
1
1
1
1
1
1
20
16
21
1
1
1
2
2
3
3
3
3
2
1
1
1
1
1
1
25
17
1
17
1
1
2
3
3
3
3
3
3
3
2
1
1
1
1
1
1
19
16
18
3
3
3
3
3
3
3
3
3
3
3
3
2
1
1
1
1
1
1
3
3
3
1
1
1
1
1
3
2
3
3
3
3
1
2
2
1
2
1
3
3
1
1
1
1
1
1
1
1
3
3
3
3
1
1
1
1
2
1
3
3
1
1
3
3
3
2
1
1
3
3
3
3
2
2
2
2
2
1
3
3
1
3
3
2
2
1
1
1
3
3
3
2
4
5
1
2
2
1
3
3
1
3
2
1
1
1
1
1
3
3
3
2
7
6
1
2
2
1
3
3
1
2
1
1
1
1
1
1
3
3
2
2
1
1
1
2
2
1
1
1
1
1
1
1
1
1
1
1
3
2
2
2
2
2
2
2
2
2
2
2
1
1
1
1
1
1
1
1
3
2
2
2
2
2
2
2
2
2
2
1
1
1
2
2
2
1
1
1
3
3
2
2
2
3
3
3
2
1
1
1
1
2
2
2
2
2
2
1
3
3
3
3
3
3
2
1
1
1
2
2
1
2
2
2
2
2
2
2
7
7
10
7
