2
2
2
2
1
1
1
1
1
1
7
15
0
0
0
0
0
0
0
0
2
2
2
2
2
2
2
1
1
1
1
11
0
0
0
0
0
0
0
0
2
2
22
2
2
2
2
2
1
1
1
11
0
0
0
0
0
0
0
0
1
1
17
1
2
2
2
2
1
1
1
7
10
10
10
10
10
10
10
15
1
1
17
1
20
16
21
1
1
1
1
1
1
1
1
1
1
1
2
7
1
1
17
1
17
1
17
1
1
1
1
1
1
1
1
1
1
1
1
3
1
1
17
1
17
2
17
2
1
1
1
1
1
1
1
1
1
1
1
3
2
1
17
1
17
2
17
2
1
2
20
16
16
16
21
2
2
1
1
3
3
2
17
1
17
2
17
2
1
2
17
1
1
1
17
2
3
2
1
3
3
3
17
1
17
2
17
2
1
2
17
1
2
2
17
2
3
2
1
2
2
2
17
2
17
1
17
1
1
2
17
1
2
3
24
3
3
2
1
2
2
2
17
2
17
1
17
1
1
1
17
1
1
3
3
3
2
1
1
1
3
2
17
2
17
1
17
1
1
1
17
1
1
2
3
2
2
1
1
1
3
2
17
2
17
1
17
1
1
1
17
1
1
1
1
1
1
1
1
1
3
2
17
2
17
1
17
1
1
1
17
1
1
1
1
1
1
1
1
1
3
2
17
2
17
1
19
16
16
16
18
1
1
1
1
1
1
1
1
1
3
2
17
2
17
2
2
4
8
5
1
1
1
1
1
1
1
1
1
1
3
2
19
16
18
2
2
11
0
13
5
1
2
1
1
1
1
1
1
1
3
3
2
2
2
3
3
11
0
0
9
2
2
1
1
1
2
2
2
1
3
3
3
3
3
3
2
7
10
10
6
2
2
2
2
2
2
2
2
2
2
2
14
10
