2
2
2
1
1
1
1
1
1
1
7
15
0
0
0
0
0
0
0
0
2
2
1
1
1
1
1
1
1
1
1
11
0
0
0
0
0
0
0
0
2
1
1
1
1
1
1
1
1
1
1
11
0
0
0
0
0
0
0
0
1
1
1
1
1
1
1
1
1
1
1
7
10
10
10
10
10
10
10
10
1
1
1
1
1
1
1
1
1
1
1
1
1
1
1
1
1
1
3
3
1
1
1
1
1
1
1
1
1
1
1
1
1
1
1
1
3
3
3
3
1
1
1
1
1
1
1
1
1
1
1
1
1
1
1
3
3
3
3
3
1
1
1
1
1
1
1
1
1
1
1
1
1
3
3
3
3
3
3
3
3
1
1
1
1
1
1
1
1
3
3
3
3
3
3
3
3
3
3
3
3
20
16
16
16
21
1
3
3
3
3
3
3
20
16
21
3
3
3
3
16
18
1
1
1
17
20
16
16
16
16
16
16
18
3
19
16
16
16
16
3
3
3
3
3
17
17
3
3
3
3
3
3
3
3
3
3
3
3
3
3
3
3
3
3
17
17
3
3
3
3
3
3
3
3
3
3
1
1
1
3
3
3
3
3
19
18
3
3
3
3
3
3
3
3
1
1
1
1
1
3
3
3
3
3
3
3
3
3
3
3
3
3
3
1
1
1
1
1
1
3
3
3
3
3
3
3
3
3
3
3
3
3
3
1
1
1
1
1
1
3
3
3
3
3
3
3
3
3
3
3
3
3
1
1
1
1
1
1
1
3
3
3
3
3
3
3
3
3
3
3
1
1
1
2
2
2
1
1
1
3
3
3
3
3
3
3
3
3
1
1
1
2
2
2
2
2
2
2
1
3
3
3
3
3
3
3
1
1
1
2
2
2
2
2
2
2
2
2
2
