1
1
1
1
1
1
1
1
1
1
1
1
1
1
1
1
1
1
1
1
1
15
1
1
1
1
1
1
1
1
1
1
1
1
1
1
1
1
1
1
1
15
1
1
1
1
1
1
1
1
1
1
1
1
1
1
1
1
1
1
1
15
1
1
1
15
15
15
15
15
15
15
15
15
15
15
15
15
15
1
1
15
1
1
1
15
1
1
1
1
1
1
1
1
1
1
1
1
15
1
1
15
1
1
1
15
1
1
1
1
1
1
1
1
1
1
1
1
15
1
1
15
1
1
1
15
1
1
1
1
1
1
1
1
1
1
1
1
15
1
1
15
1
1
1
15
15
15
15
15
15
15
15
15
15
15
1
1
15
1
1
15
1
1
1
1
1
1
1
1
1
1
1
1
1
15
1
1
1
1
1
15
1
1
1
1
1
1
1
1
1
1
1
1
1
15
1
1
1
1
1
15
1
1
1
1
1
1
1
1
1
1
1
1
1
15
1
1
1
1
1
15
1
1
1
1
1
1
1
1
1
1
1
1
1
15
1
1
1
1
1
15
15
15
15
15
15
15
15
15
15
15
15
15
15
15
1
1
1
1
1
1
1
1
1
1
1
1
1
1
1
1
1
1
1
1
1
1
1
1
1
1
1
1
1
1
1
1
1
1
1
1
1
1
1
1
1
1
1
1
1
1
1
1
1
1
1
1
1
1
1
1
1
1
1
1
1
1
1
1
1
1
1
1
1
1
1
1
1
1
1
1
1
1
1
1
1
1
1
1
1
1
1
1
1
1
1
1
1
1
1
1
1
1
1
1
1
1
1
1
1
1
1
1
1
1
1
1
1
1
1
1
1
1
1
1
1
1
1
1
1
1
1
1
1
1
1
1
1
1
1
1
1
1
1
1
1
1
1
1
13
431
489
958
1030
164
656
803
996
929
480
207
315
720
295
610
565
347
684
368
194
735
977
934
930
1172
1091
