1
1
1
1
1
1
1
1
1
1
1
1
1
1
1
1
1
1
1
1
1
15
1
1
1
1
1
1
1
1
1
1
1
1
1
1
1
1
1
1
1
15
1
1
1
1
1
1
1
1
1
1
1
1
1
1
1
1
1
1
1
15
1
1
1
15
15
15
15
15
15
15
15
15
15
15
15
15
15
1
1
15
1
1
1
15
1
1
1
1
1
1
1
1
1
1
1
1
15
1
1
15
1
1
1
15
1
1
1
1
1
1
1
1
1
1
1
1
15
1
1
15
1
1
1
15
1
1
1
1
1
1
1
1
1
1
1
1
15
1
1
15
1
1
1
15
15
15
15
15
15
15
15
15
15
15
1
1
15
1
1
15
1
1
1
1
1
1
1
1
1
1
1
1
1
15
1
1
1
1
1
15
1
1
1
1
1
1
1
1
1
1
1
1
1
15
1
1
1
1
1
15
1
1
1
1
1
1
1
1
1
1
1
1
1
15
1
1
1
1
1
15
1
1
1
1
1
1
1
1
1
1
1
1
1
15
1
1
1
1
1
15
15
15
15
15
15
15
15
15
15
15
15
15
15
15
1
1
1
1
1
1
1
1
1
1
1
1
1
1
1
1
1
1
1
1
1
1
1
1
1
1
1
1
1
1
1
1
1
1
1
1
1
1
1
1
1
1
1
1
1
1
1
1
1
1
1
1
1
1
1
1
1
1
1
1
1
1
1
1
1
1
1
1
1
1
1
1
1
1
1
1
1
1
1
1
1
1
1
1
1
1
1
1
1
1
1
1
1
1
1
1
1
1
1
1
1
1
1
1
1
1
1
1
1
1
1
1
1
1
1
1
1
1
1
1
1
1
1
1
1
1
1
1
1
1
1
1
1
1
1
1
1
1
1
1
1
1
1
1
417
91
79
79
79
79
79
79
79
79
79
80
80
81
81
82
82
82
83
84
84
85
86
86
87
88
88
89
90
91
92
92
93
94
95
96
96
97
98
99
100
100
101
102
102
103
104
105
106
106
107
108
109
110
111
112
113
114
115
116
117
118
119
120
121
122
123
123
124
125
126
127
128
129
130
131
959
960
961
962
963
964
965
966
967
968
969
970
971
972
973
974
975
976
976
977
978
979
980
980
981
982
982
983
983
984
985
985
986
986
987
987
988
989
989
991
991
992
993
994
995
995
996
997
998
998
999
999
1000
1000
1001
1001
1002
1002
1003
1003
1004
1005
1005
1006
1007
1007
1007
1008
1009
1009
1009
1009
1010
1010
1010
1010
1011
1011
1011
1011
1011
984
984
984
984
984
984
984
984
984
984
984
984
984
983
983
983
983
982
982
982
981
980
980
979
979
978
978
977
977
976
976
976
975
975
974
974
973
972
972
971
970
970
969
968
967
966
965
965
964
963
962
961
960
959
958
385
384
384
383
382
381
381
380
379
378
377
376
375
374
374
373
372
372
371
371
370
368
368
367
367
366
365
365
364
363
362
362
361
361
360
359
359
358
357
356
356
355
355
354
354
352
352
352
351
351
350
350
349
349
348
348
348
348
347
347
346
346
346
346
346
346
345
345
345
345
345
345
345
351
351
351
351
351
351
351
351
351
351
351
351
352
352
352
352
353
353
353
354
355
355
356
356
356
357
358
359
359
360
361
361
362
364
365
366
367
367
368
369
370
374
375
376
377
377
378
380
381
382
383
387
388
389
390
391
392
393
394
394
395
396
398
399
400
401
402
402
403
404
405
406
1149
1150
1151
1152
1153
1154
1155
1156
1157
1157
1158
1160
1160
1161
1161
1162
1162
1164
1164
1165
1165
1166
1166
1167
1169
1169
1170
1170
1171
1171
1172
1173
1174
1174
1174
1175
1175
1176
1176
1176
1177
1178
1178
1178
1179
1179
1180
1181
1181
1182
1182
1182
1183
1183
1184
1184
1185
1185
1186
1187
1181
85
775
776
777
778
779
780
781
782
783
783
784
784
785
785
786
787
787
787
788
788
788
789
789
789
790
790
791
791
791
792
792
792
792
792
793
793
793
793
793
794
794
794
795
795
795
795
795
796
796
796
796
796
796
797
797
797
797
797
797
797
797
798
798
798
798
799
799
799
799
799
799
799
799
799
799
799
799
799
799
799
799
799
799
799
799
799
799
799
798
797
797
797
796
796
795
795
795
794
793
793
792
792
791
791
791
790
790
789
789
788
788
788
787
786
785
785
784
783
782
781
781
780
779
778
778
777
777
776
776
775
775
773
773
772
771
770
769
768
767
766
765
764
763
762
761
760
759
758
757
756
755
754
753
752
751
513
512
511
510
509
508
507
506
505
504
503
502
501
501
500
499
498
498
497
496
495
494
493
492
491
490
489
489
488
488
487
486
486
485
485
484
484
484
483
482
482
481
481
481
480
480
480
479
479
479
479
479
479
479
479
470
470
469
469
469
469
468
468
467
467
466
466
465
465
464
463
463
462
462
461
461
459
458
458
457
456
455
454
454
452
451
450
449
448
447
446
445
443
442
441
440
439
438
437
435
433
432
431
430
429
428
427
426
425
423
422
421
420
420
419
419
418
417
416
415
414
413
412
411
410
409
408
407
264
263
262
261
260
259
258
257
255
254
253
252
252
251
250
249
248
247
246
245
244
243
243
242
241
240
239
239
238
237
237
236
236
235
235
234
234
233
233
233
233
232
232
232
232
231
231
231
231
231
231
231
231
230
230
230
230
230
230
229
229
229
229
229
229
229
229
228
228
228
228
228
220
220
220
220
220
220
220
220
220
221
221
222
223
223
224
224
225
226
227
227
228
228
229
229
232
233
233
234
235
236
236
238
239
240
241
241
242
242
243
244
246
247
248
249
249
250
252
253
254
255
256
257
258
259
259
260
261
262
262
483
1180
1
1
1
1
1
1
