2
2
2
1
1
1
1
1
1
1
7
15
0
0
0
14
15
0
0
0
1
1
1
1
1
1
1
1
1
1
1
11
0
0
0
13
12
0
0
0
2
1
1
1
1
1
1
1
1
1
1
11
0
0
0
0
0
0
0
0
1
1
1
1
1
1
1
1
1
1
1
7
10
10
10
10
10
10
10
10
1
1
1
1
1
1
1
1
1
1
1
1
1
1
1
1
1
1
2
3
1
1
1
1
1
1
1
1
1
1
1
1
1
1
1
1
1
1
1
3
1
1
1
1
1
2
2
2
1
1
1
1
1
1
1
1
1
1
1
3
2
25
16
16
16
16
16
16
16
16
16
16
16
16
16
16
16
16
21
3
3
2
1
1
2
2
2
2
2
2
2
1
1
1
1
3
3
1
17
3
3
3
3
2
2
2
2
2
2
2
2
2
1
1
3
3
3
1
17
2
3
2
2
2
2
2
1
1
1
1
1
2
2
3
3
3
3
1
17
2
3
20
16
16
16
16
16
16
16
16
16
16
16
16
16
16
16
16
18
3
3
17
2
1
1
1
1
1
1
1
1
2
2
2
2
2
2
3
3
3
3
17
2
2
4
5
1
1
1
1
1
1
1
1
1
1
3
3
3
3
3
17
2
2
7
6
1
1
1
2
2
2
2
2
2
2
3
3
3
3
3
19
16
16
16
16
16
16
16
16
16
16
16
16
16
16
16
16
23
1
3
2
2
2
2
1
1
1
1
1
2
2
3
3
3
3
3
3
3
1
3
2
2
2
2
2
2
2
2
1
1
2
2
3
3
3
3
3
1
1
3
3
2
2
2
3
3
3
2
2
1
1
2
3
3
2
2
2
2
1
3
3
3
3
3
3
2
2
2
2
2
1
2
2
2
2
1
1
1
1
1
7
18
15